271	60	0	1
271	60	1	1
271	60	2	1
248	60	0	1
130	60	0	1
3	60	0	1
231	60	0	1
105	60	0	1
72	60	0	1
203	60	0	1
66	60	1	1
170	60	0	1
158	60	0	1
122	60	0	1
68	60	0	1
198	60	0	1
32	60	0	1
36	60	0	1
296	60	0	1
291	106	3	1
291	106	4	1
291	106	5	1
291	88	5	1
291	106	6	1
291	88	6	1
291	106	7	1
291	88	7	1
291	106	8	1
291	88	8	1
291	106	9	1
291	106	10	1
291	88	10	1
291	106	11	1
291	88	11	1
291	106	12	1
291	88	12	1
291	106	13	1
291	88	13	1
297	137	1	1
297	137	14	1
297	137	3	1
297	137	15	1
297	137	16	1
297	137	17	1
297	137	7	1
297	137	18	1
168	137	1	1
168	23	1	1
299	137	15	1
227	137	1	1
227	29	1	1
227	85	1	1
232	137	1	1
232	137	15	1
263	137	1	1
263	52	1	1
263	137	15	1
263	52	15	1
263	137	16	1
263	52	16	1
263	137	18	1
78	137	1	1
78	137	15	1
78	137	16	1
135	137	1	1
135	137	14	1
135	137	19	1
135	137	17	1
52	137	1	1
52	101	1	1
52	137	3	1
52	137	15	1
52	101	15	1
52	137	16	1
52	101	16	1
52	137	20	1
52	101	20	1
61	137	1	1
61	101	1	1
61	163	1	1
61	137	15	1
61	101	15	1
61	163	15	1
61	137	16	1
61	101	16	1
61	137	20	1
61	101	20	1
247	161	21	1
187	161	21	1
256	161	4	1
256	153	4	1
256	65	4	1
256	161	22	1
256	81	22	1
256	153	22	1
256	11	22	1
256	161	23	1
256	81	23	1
256	153	23	1
256	11	23	1
256	161	24	1
256	153	24	1
256	11	24	1
256	161	0	1
256	81	0	1
256	153	0	1
256	11	0	1
256	161	14	1
256	81	14	1
256	153	14	1
256	161	1	1
256	81	1	1
256	153	1	1
256	65	1	1
256	11	1	1
256	161	15	1
256	81	15	1
256	153	15	1
256	65	15	1
256	11	15	1
256	161	25	1
256	153	25	1
256	161	26	1
256	11	26	1
256	161	27	1
256	153	27	1
256	11	27	1
256	161	28	1
256	161	29	1
256	81	29	1
256	11	29	1
256	161	30	1
256	161	31	1
256	153	31	1
256	161	32	1
256	161	33	1
255	161	34	1
255	61	34	1
255	118	34	1
255	41	34	1
255	43	34	1
255	161	4	1
255	61	4	1
255	118	4	1
255	17	4	1
255	41	4	1
255	161	22	1
255	61	22	1
255	41	22	1
255	161	23	1
255	61	23	1
255	41	23	1
255	161	24	1
255	42	24	1
255	61	24	1
255	133	24	1
255	29	24	1
255	118	24	1
255	151	24	1
255	68	24	1
255	41	24	1
255	161	0	1
255	42	0	1
255	134	0	1
255	61	0	1
255	133	0	1
255	29	0	1
255	118	0	1
255	41	0	1
255	161	14	1
255	61	14	1
255	41	14	1
255	161	19	1
255	61	19	1
255	131	19	1
255	17	19	1
255	41	19	1
255	161	1	1
255	42	1	1
255	134	1	1
255	61	1	1
255	133	1	1
255	29	1	1
255	118	1	1
255	151	1	1
255	17	1	1
255	68	1	1
255	41	1	1
255	43	1	1
255	161	35	1
255	134	35	1
255	61	35	1
255	161	36	1
255	61	36	1
255	161	37	1
255	61	37	1
255	17	37	1
255	41	37	1
255	161	38	1
255	17	38	1
255	161	39	1
255	61	39	1
255	133	39	1
255	122	39	1
255	68	39	1
255	161	40	1
255	61	40	1
255	161	41	1
255	161	42	1
255	61	42	1
255	122	42	1
255	41	42	1
255	161	15	1
255	61	15	1
255	133	15	1
255	118	15	1
255	17	15	1
255	68	15	1
255	41	15	1
255	43	15	1
255	161	25	1
255	161	43	1
255	118	43	1
255	68	43	1
255	161	44	1
255	161	45	1
255	122	45	1
255	161	46	1
255	161	26	1
255	133	26	1
255	118	26	1
255	122	26	1
255	161	47	1
255	61	47	1
255	118	47	1
255	68	47	1
255	161	48	1
255	61	48	1
255	161	49	1
255	161	27	1
255	61	27	1
255	118	27	1
255	17	27	1
255	62	27	1
255	161	28	1
255	61	28	1
255	161	50	1
255	161	2	1
255	133	2	1
255	122	2	1
255	161	29	1
255	61	29	1
255	17	29	1
255	161	51	1
255	61	51	1
255	161	16	1
255	29	16	1
255	161	52	1
255	61	52	1
255	161	53	1
255	61	53	1
255	161	54	1
255	61	54	1
255	161	30	1
255	61	30	1
255	161	31	1
255	61	31	1
255	17	31	1
255	41	31	1
255	161	21	1
255	161	55	1
255	161	56	1
255	161	32	1
255	161	33	1
255	61	33	1
255	68	33	1
255	161	57	1
255	61	57	1
255	161	58	1
255	68	58	1
253	161	34	1
253	61	34	1
253	118	34	1
253	69	34	1
253	161	4	1
253	61	4	1
253	118	4	1
253	69	4	1
253	161	22	1
253	61	22	1
253	69	22	1
253	161	23	1
253	61	23	1
253	69	23	1
253	161	24	1
253	61	24	1
253	118	24	1
253	69	24	1
253	161	0	1
253	61	0	1
253	53	0	1
253	118	0	1
253	69	0	1
253	161	14	1
253	61	14	1
253	69	14	1
253	161	19	1
253	61	19	1
253	69	19	1
253	161	1	1
253	61	1	1
253	53	1	1
253	173	1	1
253	118	1	1
253	69	1	1
253	161	35	1
253	61	35	1
253	69	35	1
253	161	37	1
253	61	37	1
253	161	38	1
253	69	38	1
253	161	39	1
253	61	39	1
253	69	39	1
253	161	40	1
253	61	40	1
253	161	41	1
253	69	41	1
253	161	42	1
253	61	42	1
253	69	42	1
253	161	15	1
253	61	15	1
253	53	15	1
253	118	15	1
253	69	15	1
253	161	25	1
253	69	25	1
253	161	43	1
253	118	43	1
253	161	44	1
253	161	45	1
253	53	45	1
253	161	46	1
253	69	46	1
253	161	26	1
253	53	26	1
253	118	26	1
253	69	26	1
253	161	47	1
253	61	47	1
253	118	47	1
253	161	48	1
253	61	48	1
253	69	48	1
253	161	49	1
253	161	27	1
253	61	27	1
253	118	27	1
253	69	27	1
253	161	28	1
253	61	28	1
253	69	28	1
253	161	50	1
253	161	2	1
253	161	29	1
253	61	29	1
253	161	51	1
253	61	51	1
253	161	52	1
253	61	52	1
253	69	52	1
253	161	53	1
253	61	53	1
253	69	53	1
253	161	30	1
253	61	30	1
253	69	30	1
253	161	31	1
253	61	31	1
253	69	31	1
253	161	21	1
253	161	55	1
253	69	55	1
253	161	56	1
253	161	32	1
253	69	32	1
253	161	33	1
253	61	33	1
253	161	57	1
253	61	57	1
253	69	57	1
253	161	58	1
253	69	58	1
41	161	41	1
41	161	25	1
284	161	22	1
284	19	22	1
284	153	22	1
284	124	22	1
284	161	24	1
284	19	24	1
284	118	24	1
284	153	24	1
284	161	0	1
284	19	0	1
284	118	0	1
284	153	0	1
284	124	0	1
284	161	14	1
284	153	14	1
284	161	1	1
284	19	1	1
284	173	1	1
284	118	1	1
284	153	1	1
284	17	1	1
284	124	1	1
284	161	37	1
284	153	37	1
284	17	37	1
284	161	40	1
284	161	42	1
284	153	42	1
284	161	15	1
284	118	15	1
284	153	15	1
284	17	15	1
284	124	15	1
284	161	59	1
284	161	27	1
284	118	27	1
284	153	27	1
284	17	27	1
284	161	28	1
284	161	29	1
284	17	29	1
284	161	30	1
284	161	31	1
284	153	31	1
284	17	31	1
118	161	22	1
118	161	24	1
118	118	24	1
118	161	0	1
118	118	0	1
118	161	14	1
118	161	35	1
118	161	37	1
118	17	37	1
118	161	38	1
118	17	38	1
118	161	42	1
118	161	15	1
118	118	15	1
118	17	15	1
118	161	25	1
118	161	43	1
118	118	43	1
118	161	26	1
118	118	26	1
118	161	28	1
118	161	29	1
118	17	29	1
118	161	16	1
118	161	57	1
277	161	22	1
277	161	23	1
277	161	0	1
277	161	14	1
277	161	48	1
277	161	29	1
103	161	34	1
103	161	4	1
103	161	22	1
103	161	23	1
103	161	0	1
103	55	0	1
103	161	19	1
103	161	1	1
103	55	1	1
103	161	35	1
103	161	41	1
103	55	41	1
103	161	42	1
103	161	43	1
103	161	45	1
103	161	26	1
103	161	47	1
103	161	27	1
103	55	27	1
103	161	28	1
103	55	28	1
103	161	29	1
103	161	51	1
103	161	53	1
103	161	31	1
103	161	21	1
103	161	56	1
103	161	32	1
103	161	57	1
298	161	22	1
298	161	23	1
298	161	24	1
298	161	0	1
298	161	14	1
298	161	1	1
298	161	35	1
298	161	36	1
298	161	37	1
298	161	39	1
298	161	40	1
298	161	41	1
298	161	42	1
298	161	15	1
298	161	25	1
298	161	43	1
298	161	45	1
298	161	46	1
298	161	47	1
298	161	49	1
298	161	20	1
298	161	27	1
298	161	28	1
298	161	50	1
298	161	29	1
298	161	31	1
298	161	56	1
298	161	33	1
114	161	34	1
114	161	22	1
114	161	23	1
114	161	0	1
114	161	14	1
114	161	37	1
114	17	37	1
114	161	39	1
114	161	15	1
114	17	15	1
114	161	25	1
114	161	43	1
114	161	45	1
114	161	46	1
114	161	26	1
114	161	48	1
114	161	49	1
114	161	27	1
114	17	27	1
114	161	28	1
114	161	60	1
114	161	50	1
114	161	29	1
114	17	29	1
114	161	33	1
272	161	34	1
272	27	34	1
272	161	4	1
272	27	4	1
272	161	22	1
272	161	23	1
272	161	24	1
272	161	0	1
272	27	0	1
272	161	14	1
272	27	14	1
272	161	19	1
272	161	1	1
272	27	1	1
272	161	35	1
272	161	36	1
272	161	37	1
272	161	38	1
272	161	39	1
272	161	40	1
272	161	41	1
272	161	42	1
272	161	61	1
272	161	15	1
272	27	15	1
272	161	59	1
272	161	25	1
272	161	43	1
272	161	44	1
272	27	44	1
272	161	45	1
272	161	46	1
272	161	26	1
272	161	47	1
272	161	48	1
272	161	49	1
272	161	20	1
272	161	27	1
272	27	27	1
272	161	28	1
272	161	50	1
272	161	2	1
272	161	29	1
272	161	51	1
272	161	62	1
272	161	16	1
272	161	63	1
272	161	52	1
272	161	53	1
272	161	30	1
272	161	31	1
272	27	31	1
272	161	21	1
272	161	55	1
272	161	56	1
272	161	32	1
272	161	33	1
272	27	33	1
272	161	57	1
272	27	57	1
272	161	58	1
126	161	22	1
126	161	23	1
126	161	24	1
126	161	14	1
126	161	35	1
126	161	38	1
126	161	25	1
126	161	43	1
126	161	26	1
126	161	28	1
126	161	29	1
150	161	22	1
150	161	24	1
150	161	1	1
150	161	37	1
150	161	42	1
150	161	15	1
150	161	25	1
150	161	44	1
150	161	45	1
150	161	26	1
150	161	47	1
150	161	28	1
150	161	16	1
150	161	31	1
150	161	32	1
171	115	19	1
171	115	1	1
171	115	31	1
171	115	15	1
171	115	16	1
155	115	4	1
155	141	4	1
155	115	64	1
160	115	14	1
160	115	1	1
160	115	31	1
160	115	15	1
160	115	64	1
138	115	14	1
138	115	1	1
138	6	1	1
138	163	1	1
138	115	31	1
138	115	15	1
138	163	15	1
138	115	16	1
154	115	14	1
154	115	0	1
154	45	0	1
154	134	0	1
154	115	19	1
154	115	1	1
154	45	1	1
154	134	1	1
154	120	1	1
154	125	1	1
154	115	31	1
154	120	31	1
154	115	15	1
154	45	15	1
154	120	15	1
154	115	64	1
154	45	64	1
154	115	16	1
154	115	18	1
154	125	18	1
154	115	65	1
141	115	14	1
141	115	0	1
141	115	64	1
67	115	14	1
67	115	0	1
67	115	19	1
67	115	1	1
67	115	31	1
67	115	15	1
67	115	64	1
67	115	16	1
67	115	18	1
67	115	65	1
239	115	1	1
239	19	1	1
239	134	1	1
239	163	1	1
239	173	1	1
239	169	1	1
239	118	1	1
239	95	1	1
239	151	1	1
239	46	1	1
239	59	1	1
239	153	1	1
239	175	1	1
239	168	1	1
239	116	1	1
239	124	1	1
239	115	31	1
239	46	31	1
239	153	31	1
239	175	31	1
239	115	15	1
239	163	15	1
239	118	15	1
239	95	15	1
239	46	15	1
239	59	15	1
239	153	15	1
239	124	15	1
228	115	4	1
228	115	14	1
228	115	0	1
228	55	0	1
228	115	19	1
228	115	1	1
228	55	1	1
228	115	31	1
228	115	15	1
228	115	64	1
228	115	16	1
228	115	18	1
236	115	1	1
236	115	31	1
236	115	15	1
236	115	16	1
295	115	4	1
295	135	4	1
295	114	4	1
295	115	14	1
295	135	14	1
295	46	14	1
295	115	0	1
295	135	0	1
295	100	0	1
295	46	0	1
295	114	0	1
295	115	19	1
295	135	19	1
295	114	19	1
295	115	1	1
295	135	1	1
295	100	1	1
295	46	1	1
295	114	1	1
295	115	31	1
295	135	31	1
295	46	31	1
295	114	31	1
295	115	15	1
295	135	15	1
295	46	15	1
295	114	15	1
295	115	64	1
295	135	64	1
295	46	64	1
295	114	64	1
295	115	16	1
295	135	16	1
295	115	18	1
295	135	18	1
295	100	18	1
295	115	65	1
295	135	65	1
295	100	65	1
295	46	65	1
295	114	65	1
104	115	14	1
104	135	14	1
104	46	14	1
104	115	0	1
104	135	0	1
104	100	0	1
104	46	0	1
104	114	0	1
104	115	19	1
104	135	19	1
104	114	19	1
104	115	1	1
104	6	1	1
104	135	1	1
104	100	1	1
104	46	1	1
104	114	1	1
104	115	31	1
104	135	31	1
104	46	31	1
104	114	31	1
104	115	15	1
104	135	15	1
104	46	15	1
104	114	15	1
104	115	64	1
104	135	64	1
104	46	64	1
104	114	64	1
104	115	16	1
104	135	16	1
104	115	18	1
104	135	18	1
104	100	18	1
169	128	14	1
207	19	1	1
207	52	1	1
43	19	0	1
43	19	24	1
43	19	22	1
204	19	0	1
204	55	0	1
204	95	0	1
204	46	0	1
204	19	1	1
204	55	1	1
204	95	1	1
204	46	1	1
204	19	22	1
283	19	1	1
216	19	0	1
216	19	24	1
216	19	4	1
216	19	22	1
55	19	1	1
55	6	1	1
55	23	1	1
55	46	1	1
89	19	0	1
89	19	24	1
89	19	66	1
89	19	1	1
89	19	22	1
153	19	0	1
153	19	24	1
153	19	66	1
153	19	22	1
15	19	0	1
15	147	0	1
15	116	0	1
15	19	24	1
15	19	66	1
15	19	22	1
233	19	0	1
233	134	0	1
233	81	0	1
233	168	0	1
233	38	0	1
233	124	0	1
233	154	0	1
233	19	22	1
233	81	22	1
233	124	22	1
233	154	22	1
214	45	1	1
214	165	1	1
214	57	1	1
214	61	1	1
214	75	1	1
214	155	1	1
154	45	22	1
154	45	67	1
154	134	67	1
154	45	68	1
154	45	69	1
54	45	15	1
54	45	22	1
39	45	22	1
39	45	67	1
39	45	0	1
39	45	64	1
39	104	64	1
39	45	68	1
39	45	69	1
221	45	22	1
221	45	0	1
121	101	1	1
121	71	1	1
121	55	1	1
121	82	1	1
121	46	1	1
121	101	15	1
121	71	15	1
121	82	15	1
121	46	15	1
121	101	16	1
121	101	31	1
121	71	31	1
121	82	31	1
121	46	31	1
222	101	1	1
222	101	15	1
222	101	16	1
222	101	31	1
159	101	1	1
159	101	0	1
159	101	31	1
147	101	1	1
147	95	1	1
147	101	15	1
147	95	15	1
147	101	16	1
147	95	16	1
147	101	2	1
147	101	31	1
52	101	0	1
52	101	70	1
52	101	31	1
13	101	0	1
61	101	0	1
61	101	26	1
61	101	31	1
242	71	1	1
242	95	1	1
242	71	15	1
242	95	15	1
242	71	31	1
42	71	24	1
42	52	24	1
121	71	12	1
174	71	1	1
174	82	1	1
174	71	15	1
174	82	15	1
174	71	31	1
174	82	31	1
259	71	24	1
259	71	0	1
259	71	39	1
259	71	37	1
191	132	64	1
84	94	0	1
84	94	24	1
84	94	1	1
84	94	64	1
188	94	0	1
188	153	0	1
188	94	24	1
188	153	24	1
188	94	34	1
188	153	34	1
188	94	1	1
188	153	1	1
188	94	23	1
188	153	23	1
172	94	64	1
172	135	64	1
172	163	64	1
172	152	64	1
172	153	64	1
172	117	64	1
172	5	64	1
267	160	0	1
267	83	0	1
267	160	45	1
252	160	0	1
252	53	0	1
252	160	45	1
252	53	45	1
252	20	45	1
282	160	0	1
282	170	0	1
282	160	45	1
282	170	45	1
65	6	1	1
22	113	1	1
22	113	15	1
22	113	24	1
22	113	71	1
300	113	1	1
300	113	15	1
124	113	1	1
124	163	1	1
124	113	0	1
124	113	15	1
124	163	15	1
260	113	1	1
260	111	1	1
260	24	1	1
260	126	1	1
260	9	1	1
260	93	1	1
260	114	1	1
260	33	1	1
260	113	0	1
260	111	0	1
260	36	0	1
260	24	0	1
260	9	0	1
260	93	0	1
260	114	0	1
260	33	0	1
260	113	15	1
260	111	15	1
260	24	15	1
260	93	15	1
260	114	15	1
260	113	24	1
260	93	24	1
260	113	37	1
260	111	37	1
260	24	37	1
260	114	37	1
260	113	40	1
260	111	40	1
260	113	71	1
260	111	71	1
260	114	71	1
260	113	18	1
140	113	1	1
140	29	1	1
140	113	0	1
140	29	0	1
140	113	15	1
140	113	40	1
172	113	15	1
172	135	15	1
172	163	15	1
172	111	15	1
172	152	15	1
172	153	15	1
172	24	15	1
172	113	37	1
172	163	37	1
172	111	37	1
172	152	37	1
172	153	37	1
172	117	37	1
172	24	37	1
155	134	72	1
217	134	72	1
217	134	67	1
217	134	0	1
217	112	0	1
217	134	1	1
217	173	1	1
217	151	1	1
217	134	35	1
71	134	67	1
71	135	67	1
71	134	0	1
71	135	0	1
71	29	0	1
71	86	0	1
71	36	0	1
71	26	0	1
71	28	0	1
71	84	0	1
71	81	0	1
71	134	1	1
71	135	1	1
71	29	1	1
71	148	1	1
71	26	1	1
71	98	1	1
71	59	1	1
71	28	1	1
71	84	1	1
71	81	1	1
71	171	1	1
71	134	35	1
71	26	35	1
139	134	72	1
139	134	0	1
139	134	1	1
139	134	35	1
205	134	72	1
205	134	67	1
205	17	67	1
205	134	0	1
205	83	0	1
205	14	0	1
205	134	1	1
205	17	1	1
205	14	1	1
57	134	72	1
194	134	72	1
161	134	67	1
161	134	35	1
180	134	0	1
34	134	67	1
162	134	72	1
154	134	72	1
154	134	35	1
255	134	72	1
255	134	67	1
255	61	67	1
255	17	67	1
264	134	72	1
264	134	0	1
163	134	72	1
163	134	67	1
16	134	72	1
16	134	67	1
16	134	0	1
98	134	0	1
111	134	0	1
111	134	35	1
35	134	72	1
35	134	0	1
233	134	72	1
233	134	67	1
233	134	35	1
211	134	72	1
58	134	0	1
58	139	0	1
8	34	66	1
8	34	64	1
289	34	66	1
289	34	64	1
74	34	64	1
106	34	64	1
260	34	66	1
260	93	66	1
260	34	64	1
260	162	64	1
260	114	64	1
75	34	64	1
241	34	64	1
241	18	64	1
214	165	23	1
214	61	23	1
214	75	23	1
31	57	22	1
31	57	0	1
31	57	14	1
31	57	28	1
287	61	73	1
287	61	22	1
82	61	23	1
214	61	31	1
214	61	74	1
290	61	29	1
245	61	24	1
245	61	0	1
245	61	22	1
245	61	42	1
245	61	28	1
266	61	0	1
266	75	0	1
266	61	34	1
266	75	34	1
266	61	28	1
266	61	29	1
95	61	22	1
30	61	24	1
30	61	0	1
30	61	14	1
30	61	22	1
30	61	42	1
112	61	0	1
112	61	35	1
112	61	23	1
112	61	64	1
112	61	69	1
112	61	18	1
112	61	75	1
112	61	63	1
112	61	67	1
48	61	73	1
255	61	73	1
255	133	73	1
255	41	73	1
255	61	76	1
255	61	77	1
255	133	77	1
255	68	77	1
255	43	77	1
255	61	64	1
255	118	64	1
255	17	64	1
255	61	71	1
255	61	78	1
255	61	8	1
255	61	79	1
255	61	69	1
255	61	18	1
255	41	18	1
255	61	75	1
255	61	74	1
255	61	80	1
253	61	76	1
253	69	76	1
253	61	77	1
253	69	77	1
253	61	64	1
253	118	64	1
253	69	64	1
253	61	71	1
253	61	8	1
253	69	8	1
253	61	79	1
253	61	69	1
253	69	69	1
253	61	18	1
253	61	75	1
253	61	67	1
253	69	67	1
292	61	24	1
292	61	0	1
292	61	14	1
292	61	15	1
292	61	22	1
292	61	36	1
292	61	37	1
292	61	76	1
292	61	23	1
292	61	40	1
292	61	42	1
292	61	64	1
292	61	28	1
59	61	1	1
59	61	0	1
59	61	15	1
59	61	22	1
59	61	35	1
59	61	39	1
59	61	64	1
59	61	78	1
59	61	31	1
59	61	27	1
59	61	28	1
59	61	18	1
59	61	75	1
59	61	63	1
59	61	52	1
59	61	53	1
59	61	67	1
255	133	81	1
255	133	66	1
255	133	82	1
255	133	83	1
255	133	70	1
255	17	70	1
255	133	13	1
10	31	23	1
269	89	65	1
172	89	65	1
172	135	65	1
172	111	65	1
172	117	65	1
131	135	24	1
131	135	64	1
71	135	24	1
71	29	24	1
71	103	24	1
71	102	24	1
71	86	24	1
71	28	24	1
71	135	14	1
71	103	14	1
71	81	14	1
71	135	15	1
71	26	15	1
71	98	15	1
71	143	15	1
71	59	15	1
71	81	15	1
71	171	15	1
71	135	4	1
71	102	4	1
71	86	4	1
71	98	4	1
71	135	22	1
71	81	22	1
71	135	34	1
71	98	34	1
71	28	34	1
71	81	34	1
71	135	64	1
71	26	64	1
71	81	64	1
71	135	71	1
71	26	71	1
71	135	16	1
71	29	16	1
71	103	16	1
71	143	16	1
71	59	16	1
71	135	17	1
71	135	43	1
71	135	57	1
71	135	26	1
71	135	69	1
71	26	69	1
71	135	31	1
71	26	31	1
71	98	31	1
71	135	84	1
71	135	85	1
71	135	86	1
71	135	87	1
71	135	18	1
71	26	18	1
71	135	88	1
71	135	33	1
71	98	33	1
71	135	89	1
71	135	90	1
40	135	22	1
40	135	72	1
40	135	64	1
40	118	64	1
40	95	64	1
40	25	64	1
40	117	64	1
40	17	64	1
29	135	0	1
29	135	22	1
29	135	71	1
29	135	18	1
69	135	22	1
69	153	22	1
69	135	64	1
69	153	64	1
69	135	26	1
172	135	14	1
172	153	14	1
172	135	91	1
172	163	91	1
172	111	91	1
172	117	91	1
172	135	26	1
172	111	26	1
226	135	0	1
226	32	0	1
226	135	73	1
226	135	24	1
226	135	1	1
226	135	14	1
226	135	19	1
226	32	19	1
226	135	15	1
226	135	4	1
226	135	22	1
226	135	72	1
226	135	34	1
226	32	34	1
226	135	64	1
226	135	71	1
226	32	71	1
226	135	16	1
226	135	17	1
226	135	43	1
226	135	91	1
226	135	57	1
226	135	26	1
226	135	47	1
226	135	69	1
226	135	31	1
226	135	85	1
226	135	92	1
226	135	86	1
226	135	27	1
226	135	87	1
226	135	18	1
226	135	88	1
226	135	65	1
226	135	33	1
226	135	67	1
226	135	89	1
226	135	93	1
295	135	73	1
295	46	73	1
295	135	24	1
295	46	24	1
295	135	22	1
295	135	72	1
295	135	34	1
295	135	71	1
295	114	71	1
295	135	17	1
295	46	17	1
295	135	43	1
295	135	91	1
295	100	91	1
295	114	91	1
295	135	57	1
295	135	26	1
295	46	26	1
295	114	26	1
295	135	47	1
295	46	47	1
295	135	69	1
295	135	85	1
295	135	92	1
295	135	86	1
295	114	86	1
295	135	27	1
295	46	27	1
295	114	27	1
295	135	87	1
295	135	88	1
295	135	33	1
295	114	33	1
295	135	67	1
295	135	89	1
295	135	90	1
295	46	90	1
0	135	0	1
0	118	0	1
0	111	0	1
0	127	0	1
0	135	73	1
0	135	24	1
0	118	24	1
0	135	1	1
0	118	1	1
0	111	1	1
0	17	1	1
0	127	1	1
0	135	14	1
0	135	19	1
0	17	19	1
0	135	15	1
0	118	15	1
0	111	15	1
0	17	15	1
0	127	15	1
0	135	4	1
0	118	4	1
0	111	4	1
0	17	4	1
0	135	22	1
0	135	72	1
0	135	34	1
0	118	34	1
0	111	34	1
0	135	64	1
0	118	64	1
0	17	64	1
0	135	71	1
0	111	71	1
0	135	16	1
0	135	94	1
0	135	17	1
0	17	17	1
0	135	43	1
0	118	43	1
0	135	91	1
0	111	91	1
0	17	91	1
0	135	57	1
0	135	26	1
0	118	26	1
0	111	26	1
0	135	47	1
0	118	47	1
0	135	69	1
0	135	9	1
0	111	9	1
0	17	9	1
0	135	31	1
0	111	31	1
0	17	31	1
0	135	84	1
0	118	84	1
0	135	85	1
0	127	85	1
0	135	92	1
0	135	86	1
0	135	27	1
0	118	27	1
0	17	27	1
0	127	27	1
0	135	87	1
0	135	18	1
0	127	18	1
0	135	88	1
0	111	88	1
0	17	88	1
0	135	65	1
0	118	65	1
0	111	65	1
0	17	65	1
0	135	33	1
0	111	33	1
0	135	67	1
0	17	67	1
0	135	89	1
0	17	89	1
0	135	90	1
0	111	90	1
4	135	0	1
4	118	0	1
4	135	73	1
4	135	24	1
4	118	24	1
4	135	1	1
4	118	1	1
4	135	14	1
4	135	19	1
4	135	72	1
4	135	64	1
4	118	64	1
4	135	71	1
4	135	16	1
4	135	43	1
4	118	43	1
4	135	57	1
4	135	69	1
4	135	31	1
4	135	85	1
4	135	18	1
4	135	33	1
5	135	0	1
5	118	0	1
5	135	73	1
5	135	24	1
5	118	24	1
5	135	1	1
5	118	1	1
5	135	14	1
5	135	19	1
5	135	15	1
5	118	15	1
5	135	22	1
5	135	64	1
5	118	64	1
5	135	71	1
5	135	17	1
5	135	43	1
5	118	43	1
5	135	69	1
5	135	31	1
5	135	85	1
5	135	33	1
5	135	89	1
5	135	90	1
104	135	24	1
104	46	24	1
104	135	22	1
104	135	72	1
104	135	34	1
104	135	71	1
104	114	71	1
104	135	17	1
104	46	17	1
104	135	43	1
104	135	57	1
104	135	26	1
104	46	26	1
104	114	26	1
104	135	69	1
104	135	85	1
104	135	92	1
104	135	27	1
104	46	27	1
104	114	27	1
104	135	87	1
104	135	88	1
104	135	33	1
104	114	33	1
104	135	67	1
104	135	89	1
104	135	90	1
104	46	90	1
156	135	0	1
156	111	0	1
156	79	0	1
156	135	73	1
156	135	24	1
156	135	1	1
156	111	1	1
156	79	1	1
156	135	14	1
156	135	19	1
156	135	15	1
156	111	15	1
156	135	4	1
156	111	4	1
156	135	22	1
156	135	72	1
156	135	64	1
156	135	71	1
156	111	71	1
156	135	16	1
156	135	17	1
156	135	43	1
156	135	26	1
156	111	26	1
156	135	69	1
156	135	31	1
156	111	31	1
156	135	85	1
156	135	92	1
156	135	87	1
156	135	18	1
156	135	88	1
156	111	88	1
156	135	65	1
156	111	65	1
156	135	33	1
156	111	33	1
156	135	67	1
156	135	89	1
225	135	0	1
225	135	73	1
225	135	24	1
225	135	1	1
225	135	14	1
225	135	19	1
225	135	15	1
225	135	4	1
225	135	22	1
225	135	72	1
225	135	34	1
225	135	64	1
225	135	71	1
225	135	17	1
225	135	43	1
225	135	91	1
225	135	57	1
225	135	26	1
225	135	47	1
225	135	69	1
225	135	31	1
225	135	84	1
225	135	85	1
225	135	92	1
225	135	86	1
225	135	27	1
225	135	87	1
225	135	18	1
225	135	88	1
225	135	65	1
225	135	33	1
225	135	67	1
225	135	89	1
225	135	90	1
291	146	48	1
49	53	0	1
49	53	1	1
49	53	15	1
253	53	70	1
252	53	1	1
252	53	15	1
138	163	71	1
119	163	1	1
119	163	15	1
119	163	37	1
73	163	1	1
73	163	37	1
73	163	71	1
61	163	71	1
61	163	64	1
92	74	0	1
23	74	0	1
246	29	0	1
246	55	0	1
246	144	0	1
246	23	0	1
246	46	0	1
246	29	1	1
246	55	1	1
246	23	1	1
246	46	1	1
246	29	16	1
96	29	0	1
96	29	1	1
96	82	1	1
96	29	16	1
227	29	0	1
140	29	16	1
267	83	22	1
279	83	22	1
166	83	0	1
166	46	0	1
166	83	19	1
166	85	19	1
205	83	19	1
205	17	19	1
205	83	27	1
205	17	27	1
205	83	22	1
205	14	22	1
17	83	0	1
17	46	0	1
17	153	0	1
218	83	22	1
55	83	19	1
162	83	22	1
265	83	0	1
265	83	22	1
37	83	22	1
208	83	0	1
208	46	0	1
208	66	0	1
208	75	0	1
208	4	0	1
208	83	19	1
208	66	19	1
208	75	19	1
208	83	27	1
208	46	27	1
208	66	27	1
258	83	0	1
258	144	0	1
258	95	0	1
258	83	22	1
293	83	0	1
293	83	22	1
204	55	28	1
77	55	1	1
77	55	28	1
228	55	28	1
44	55	0	1
44	55	41	1
44	55	1	1
44	55	27	1
44	55	28	1
103	55	81	1
103	8	81	1
179	144	71	1
179	82	71	1
229	144	0	1
229	144	71	1
181	144	0	1
145	173	1	1
120	173	1	1
120	158	1	1
120	87	1	1
120	26	1	1
120	28	1	1
120	17	1	1
120	63	1	1
120	30	1	1
120	91	1	1
120	3	1	1
219	169	1	1
219	153	1	1
208	169	1	1
208	46	1	1
208	66	1	1
208	75	1	1
208	4	1	1
178	169	24	1
246	23	15	1
246	46	15	1
246	23	31	1
246	46	31	1
254	23	15	1
254	23	31	1
168	23	0	1
168	23	31	1
182	23	0	1
182	23	1	1
182	23	31	1
55	23	15	1
55	46	15	1
55	23	31	1
55	46	31	1
90	23	1	1
90	23	15	1
90	23	31	1
7	82	19	1
7	82	1	1
7	82	15	1
7	82	47	1
7	82	31	1
179	82	26	1
179	46	26	1
179	47	26	1
179	40	26	1
179	48	26	1
179	82	47	1
179	46	47	1
179	47	47	1
96	82	14	1
96	82	19	1
96	82	15	1
96	82	26	1
96	82	18	1
96	82	71	1
96	82	31	1
183	82	34	1
183	82	14	1
183	82	15	1
183	24	15	1
164	82	1	1
164	82	15	1
164	82	26	1
164	82	47	1
164	82	31	1
19	82	81	1
19	82	26	1
19	82	47	1
19	82	71	1
53	85	1	1
53	85	31	1
166	85	24	1
166	46	24	1
166	85	14	1
166	46	14	1
166	85	1	1
166	46	1	1
166	85	71	1
166	85	18	1
166	85	31	1
166	46	31	1
227	85	31	1
239	118	26	1
239	46	26	1
118	118	64	1
118	17	64	1
26	118	0	1
26	9	0	1
26	118	34	1
26	9	34	1
26	118	1	1
26	126	1	1
26	9	1	1
26	118	15	1
26	118	64	1
26	118	43	1
26	118	26	1
26	118	47	1
202	118	0	1
202	118	15	1
202	118	24	1
253	118	95	1
253	118	84	1
255	118	95	1
255	118	84	1
109	118	0	1
109	118	64	1
295	100	96	1
295	100	39	1
104	100	39	1
91	129	24	1
119	105	0	1
119	105	76	1
119	105	39	1
207	52	19	1
207	52	15	1
207	52	16	1
220	52	15	1
220	52	1	1
220	52	16	1
199	52	1	1
177	112	0	1
93	95	15	1
93	95	1	1
88	95	15	1
88	95	1	1
88	95	16	1
88	95	29	1
242	95	29	1
204	95	15	1
204	46	15	1
204	95	64	1
204	46	64	1
204	95	16	1
204	103	16	1
204	95	29	1
204	46	29	1
258	95	24	1
258	95	14	1
258	95	15	1
258	95	1	1
258	95	67	1
258	95	37	1
258	95	16	1
258	95	18	1
142	49	33	1
56	174	0	1
146	21	7	1
291	88	1	1
291	136	1	1
291	88	15	1
291	88	97	1
291	88	98	1
291	88	99	1
291	88	100	1
291	88	43	1
291	88	101	1
291	88	26	1
291	88	39	1
291	88	102	1
291	88	93	1
291	88	103	1
291	88	27	1
291	136	27	1
291	62	27	1
291	88	33	1
281	88	1	1
281	70	1	1
281	88	15	1
281	88	97	1
281	88	6	1
281	70	6	1
281	88	98	1
281	88	99	1
281	88	43	1
281	88	7	1
281	70	7	1
281	88	8	1
281	70	8	1
281	88	101	1
281	70	101	1
281	88	26	1
281	88	39	1
281	70	39	1
281	88	104	1
281	88	102	1
281	88	10	1
281	88	11	1
281	70	11	1
281	88	103	1
281	88	27	1
281	70	27	1
281	88	12	1
281	70	12	1
281	88	33	1
281	88	13	1
267	141	1	1
267	151	1	1
267	92	1	1
267	141	15	1
267	142	35	1
267	142	47	1
267	142	12	1
267	151	24	1
267	166	24	1
217	151	24	1
45	151	24	1
267	166	39	1
267	166	26	1
152	37	42	1
94	37	24	1
94	37	39	1
94	37	23	1
97	139	0	1
76	139	34	1
76	139	23	1
81	139	0	1
58	139	34	1
14	111	88	1
14	111	31	1
195	111	1	1
195	111	31	1
213	111	1	1
213	111	15	1
213	111	71	1
213	111	46	1
213	111	23	1
213	111	31	1
260	111	34	1
260	9	34	1
260	111	26	1
260	93	26	1
260	114	26	1
260	111	23	1
260	126	23	1
260	9	23	1
260	111	31	1
260	24	31	1
260	114	31	1
185	111	15	1
185	111	71	1
185	111	26	1
185	111	31	1
0	111	37	1
0	17	37	1
0	111	46	1
0	111	23	1
156	111	40	1
156	111	37	1
156	111	46	1
156	111	23	1
149	72	105	1
154	125	25	1
154	125	106	1
20	103	16	1
60	103	24	1
269	103	14	1
269	103	24	1
181	103	14	1
181	103	24	1
275	131	105	1
132	131	105	1
132	131	19	1
255	131	105	1
107	107	0	1
155	172	26	1
246	46	29	1
179	46	37	1
179	66	37	1
179	75	37	1
179	4	37	1
179	46	64	1
179	66	64	1
230	46	0	1
230	46	1	1
230	46	14	1
230	46	31	1
204	46	31	1
166	46	15	1
166	46	26	1
166	46	29	1
17	46	1	1
17	153	1	1
17	46	15	1
17	153	15	1
17	46	31	1
17	153	31	1
55	46	29	1
123	46	0	1
123	46	73	1
123	46	24	1
123	46	1	1
123	46	14	1
123	46	15	1
123	46	37	1
123	46	26	1
123	46	27	1
123	46	29	1
123	46	31	1
208	46	15	1
208	66	15	1
208	75	15	1
208	46	26	1
208	46	29	1
295	46	37	1
295	114	37	1
295	46	29	1
104	46	37	1
104	114	37	1
104	46	29	1
148	80	107	1
108	54	0	1
172	152	106	1
172	152	108	1
172	153	108	1
192	56	45	1
237	96	109	1
210	51	0	1
179	50	110	1
179	145	110	1
162	50	110	1
179	66	23	1
179	75	23	1
179	4	23	1
179	66	111	1
179	4	111	1
37	66	4	1
37	66	64	1
208	66	23	1
208	75	23	1
208	4	23	1
208	66	4	1
208	75	4	1
208	4	4	1
208	66	111	1
208	4	111	1
179	75	35	1
1	75	22	1
1	75	0	1
1	75	37	1
1	75	40	1
278	75	22	1
278	75	24	1
278	75	14	1
175	75	34	1
175	75	1	1
190	75	22	1
165	75	22	1
165	75	23	1
165	2	23	1
165	75	0	1
165	156	0	1
165	12	0	1
165	2	0	1
165	75	73	1
165	2	73	1
165	75	24	1
165	2	24	1
165	75	14	1
165	75	37	1
165	75	36	1
165	75	76	1
208	75	35	1
285	75	22	1
285	75	34	1
285	75	14	1
285	75	4	1
285	24	4	1
285	75	19	1
285	75	37	1
285	24	37	1
285	75	1	1
285	24	1	1
285	75	76	1
285	75	66	1
285	75	15	1
285	24	15	1
285	75	59	1
115	75	22	1
115	75	23	1
115	75	34	1
115	75	76	1
176	75	22	1
176	75	23	1
176	75	34	1
176	75	14	1
176	75	4	1
294	147	0	1
224	147	0	1
15	147	91	1
21	15	0	1
21	15	42	1
21	15	19	1
21	15	112	1
21	15	45	1
21	15	113	1
235	102	72	1
268	102	72	1
268	102	24	1
132	25	0	1
132	25	64	1
132	25	47	1
201	78	72	1
71	86	40	1
71	36	114	1
260	36	114	1
71	26	106	1
71	28	106	1
120	26	15	1
120	17	15	1
120	63	15	1
120	3	15	1
120	26	71	1
120	3	71	1
120	26	64	1
120	17	64	1
120	63	64	1
120	3	64	1
120	26	23	1
120	3	23	1
120	26	31	1
120	17	31	1
120	63	31	1
196	26	35	1
196	26	1	1
196	26	15	1
196	26	71	1
196	26	64	1
196	26	106	1
196	26	92	1
196	26	31	1
136	26	35	1
136	26	1	1
136	10	1	1
136	99	1	1
136	26	15	1
136	10	15	1
136	99	15	1
136	26	72	1
136	99	72	1
136	26	0	1
136	10	0	1
136	99	0	1
136	26	27	1
136	99	27	1
136	26	18	1
136	99	18	1
206	98	1	1
206	127	1	1
206	98	15	1
206	127	15	1
206	98	34	1
206	98	23	1
206	98	91	1
206	98	9	1
206	98	33	1
206	98	31	1
71	143	52	1
84	143	15	1
84	143	16	1
120	28	34	1
120	63	34	1
120	22	34	1
71	84	41	1
71	81	29	1
71	81	70	1
71	81	111	1
256	81	64	1
256	153	64	1
256	11	64	1
256	81	111	1
233	81	34	1
233	38	34	1
233	124	34	1
233	81	23	1
233	124	23	1
233	81	14	1
233	81	29	1
233	81	64	1
233	81	111	1
233	124	111	1
28	153	67	1
17	153	77	1
17	153	16	1
17	153	43	1
17	153	69	1
17	153	50	1
17	153	89	1
17	153	58	1
62	153	22	1
219	153	0	1
219	153	73	1
219	153	22	1
219	153	115	1
219	153	31	1
219	153	15	1
219	153	37	1
219	153	48	1
219	153	116	1
25	153	23	1
25	153	0	1
25	153	64	1
143	153	22	1
143	153	64	1
143	153	20	1
143	153	117	1
256	153	81	1
256	90	81	1
256	153	118	1
256	153	18	1
256	153	89	1
256	11	89	1
256	153	116	1
256	153	67	1
116	153	14	1
116	153	69	1
284	153	9	1
284	17	9	1
284	153	18	1
284	153	70	1
284	17	70	1
167	153	22	1
167	153	18	1
188	153	14	1
188	153	42	1
188	153	22	1
188	153	31	1
188	153	15	1
188	153	38	1
188	153	71	1
188	153	43	1
188	153	27	1
188	153	67	1
69	153	77	1
172	153	117	1
172	153	116	1
240	153	14	1
240	153	34	1
240	153	42	1
240	153	23	1
240	153	24	1
240	153	0	1
240	153	73	1
240	153	1	1
240	153	39	1
240	153	19	1
240	153	22	1
240	153	77	1
240	153	31	1
240	153	15	1
240	153	36	1
240	153	37	1
240	153	38	1
240	153	81	1
240	153	64	1
240	153	71	1
240	153	25	1
240	153	16	1
240	153	43	1
240	153	47	1
240	153	69	1
240	153	48	1
240	153	27	1
240	153	18	1
240	153	117	1
240	153	89	1
240	153	119	1
240	153	116	1
240	153	67	1
70	117	24	1
70	140	24	1
70	117	67	1
70	140	67	1
70	117	64	1
257	117	0	1
257	140	0	1
257	127	0	1
257	117	24	1
257	140	24	1
257	117	67	1
257	140	67	1
257	117	61	1
257	117	37	1
257	117	64	1
257	117	69	1
184	17	37	1
144	17	67	1
144	17	64	1
144	17	7	1
144	17	91	1
144	17	120	1
144	17	121	1
144	17	88	1
144	17	70	1
144	17	31	1
162	17	120	1
162	17	122	1
162	17	65	1
255	17	100	1
255	17	17	1
255	17	7	1
255	17	120	1
255	17	121	1
255	17	122	1
255	17	88	1
255	17	89	1
6	17	15	1
6	17	67	1
6	17	19	1
6	17	64	1
6	17	17	1
6	17	7	1
6	22	7	1
6	17	120	1
6	17	122	1
6	17	27	1
6	22	27	1
6	17	29	1
6	17	89	1
6	17	123	1
6	17	31	1
284	17	7	1
284	17	120	1
118	17	67	1
118	17	120	1
238	17	38	1
238	17	1	1
238	17	37	1
238	17	15	1
238	17	67	1
238	17	19	1
238	17	4	1
238	17	64	1
238	17	17	1
238	17	7	1
238	17	120	1
238	17	121	1
238	17	122	1
238	17	27	1
238	17	88	1
238	17	29	1
238	17	89	1
238	17	70	1
238	17	31	1
120	17	65	1
120	30	65	1
120	3	65	1
157	17	1	1
157	17	37	1
157	17	15	1
157	17	17	1
157	17	120	1
157	17	88	1
157	17	70	1
157	17	31	1
273	17	19	1
273	17	29	1
186	17	37	1
186	17	15	1
186	17	67	1
186	17	120	1
186	17	122	1
186	17	29	1
186	17	31	1
117	17	38	1
117	17	1	1
117	17	37	1
117	17	15	1
117	17	67	1
117	17	64	1
117	17	17	1
117	17	7	1
117	17	91	1
117	17	120	1
117	17	122	1
117	17	27	1
117	17	88	1
117	17	65	1
117	17	29	1
117	17	123	1
117	17	31	1
50	17	37	1
50	17	64	1
50	17	17	1
50	17	120	1
50	17	121	1
50	17	29	1
50	17	70	1
286	17	38	1
286	17	1	1
286	17	37	1
286	17	15	1
286	17	67	1
286	17	19	1
286	17	4	1
286	17	64	1
286	17	17	1
286	17	7	1
286	17	120	1
286	17	122	1
286	17	27	1
286	17	88	1
286	17	65	1
286	17	29	1
286	17	89	1
286	17	70	1
286	17	31	1
288	17	38	1
288	17	1	1
288	17	15	1
288	17	67	1
288	17	19	1
288	17	4	1
288	17	64	1
288	17	17	1
288	17	7	1
288	17	120	1
288	17	121	1
288	17	124	1
288	17	122	1
288	17	27	1
288	17	88	1
288	17	65	1
288	17	29	1
288	17	89	1
288	17	70	1
288	17	123	1
288	17	31	1
0	17	38	1
0	17	7	1
0	17	120	1
0	17	121	1
0	17	122	1
0	17	29	1
0	17	70	1
0	17	123	1
12	17	38	1
12	17	1	1
12	17	37	1
12	17	15	1
12	17	67	1
12	17	19	1
12	17	4	1
12	17	64	1
12	17	17	1
12	17	7	1
12	17	9	1
12	17	120	1
12	17	121	1
12	17	122	1
12	17	27	1
12	17	88	1
12	17	65	1
12	17	29	1
12	17	70	1
12	17	123	1
12	17	31	1
99	17	1	1
99	17	37	1
99	17	15	1
99	17	67	1
99	17	19	1
99	17	4	1
99	17	64	1
99	17	7	1
99	17	91	1
99	17	120	1
99	17	121	1
99	17	27	1
99	17	88	1
99	17	65	1
99	17	29	1
99	17	89	1
99	17	123	1
99	17	31	1
100	17	1	1
100	17	37	1
100	17	15	1
100	17	67	1
100	17	19	1
100	17	4	1
100	17	64	1
100	17	7	1
100	17	91	1
100	17	120	1
100	17	121	1
100	17	27	1
100	17	88	1
100	17	65	1
100	17	29	1
100	17	89	1
100	17	123	1
100	17	31	1
101	17	1	1
101	17	37	1
101	17	15	1
101	17	67	1
101	17	19	1
101	17	4	1
101	17	64	1
101	17	7	1
101	17	91	1
101	17	120	1
101	17	121	1
101	17	27	1
101	17	88	1
101	17	65	1
101	17	29	1
101	17	89	1
101	17	123	1
101	17	31	1
205	17	15	1
205	14	15	1
205	17	4	1
205	14	4	1
205	17	5	1
205	17	64	1
205	17	17	1
205	17	7	1
205	17	120	1
205	17	122	1
205	17	88	1
205	17	29	1
205	17	89	1
205	17	31	1
205	14	31	1
113	17	1	1
113	17	15	1
113	17	67	1
113	17	19	1
113	17	17	1
113	17	29	1
113	17	31	1
63	17	31	1
243	17	67	1
243	17	7	1
243	17	29	1
114	17	67	1
114	17	64	1
114	17	17	1
114	17	7	1
114	17	9	1
114	17	120	1
114	17	122	1
114	17	70	1
125	17	38	1
125	17	1	1
125	17	37	1
125	17	15	1
125	17	67	1
125	17	64	1
125	17	17	1
125	17	7	1
125	17	120	1
125	17	122	1
125	17	88	1
125	17	31	1
127	17	4	1
127	17	64	1
127	17	120	1
134	17	1	1
134	17	15	1
134	17	67	1
134	17	31	1
197	17	1	1
197	17	37	1
197	17	64	1
197	17	120	1
197	17	29	1
200	17	38	1
200	17	1	1
200	17	15	1
200	17	67	1
200	17	19	1
200	17	64	1
200	17	7	1
200	17	9	1
200	17	120	1
200	17	122	1
200	17	29	1
200	17	31	1
261	17	1	1
261	17	37	1
261	17	15	1
261	17	67	1
261	17	19	1
261	17	64	1
261	17	7	1
261	17	120	1
261	17	122	1
261	17	88	1
261	17	29	1
261	17	89	1
261	17	31	1
251	17	37	1
251	17	120	1
251	17	122	1
251	17	29	1
251	17	31	1
173	24	0	1
173	24	1	1
173	24	37	1
173	24	31	1
173	24	15	1
285	24	31	1
12	138	45	1
12	138	39	1
249	1	1	1
46	108	77	1
11	108	77	1
11	108	6	1
11	167	6	1
11	108	17	1
11	108	7	1
11	108	125	1
11	108	11	1
11	108	124	1
11	108	12	1
11	167	12	1
11	108	13	1
11	167	126	1
46	70	1	1
281	70	0	1
281	70	127	1
262	119	0	1
113	157	128	1
205	14	34	1
205	14	47	1
205	14	87	1
205	14	33	1
215	14	22	1
215	14	26	1
215	14	47	1
215	14	33	1
85	150	0	1
85	150	26	1
282	170	24	1
282	170	26	1
282	170	20	1
282	170	129	1
282	170	130	1
280	170	0	1
280	170	24	1
280	170	45	1
280	170	26	1
280	170	129	1
280	170	130	1
49	122	42	1
49	122	113	1
255	122	113	1
86	121	1	1
86	121	15	1
86	121	4	1
255	68	12	1
18	68	24	1
272	27	80	1
256	11	131	1
116	11	26	1
255	41	3	1
255	43	132	1
255	43	133	1
255	43	134	1
252	7	42	1
252	7	66	1
173	97	35	1
9	39	0	1
233	168	53	1
15	116	37	1
15	116	18	1
163	130	22	1
163	130	15	1
165	2	3	1
83	67	24	1
83	67	135	1
83	67	29	1
83	67	31	1
64	67	24	1
64	67	136	1
151	63	34	1
6	22	34	1
6	22	0	1
6	22	12	1
27	35	41	1
27	35	35	1
27	35	7	1
223	109	22	1
291	136	18	1
291	136	2	1
209	64	129	1
103	8	110	1
250	0	39	1
250	0	1	1
24	159	22	1
24	159	34	1
24	159	37	1
129	104	1	1
129	104	15	1
129	104	64	1
128	104	20	1
39	104	66	1
39	104	26	1
221	104	34	1
26	9	33	1
38	16	0	1
260	93	39	1
260	93	112	1
260	93	45	1
260	114	19	1
260	114	86	1
295	114	81	1
295	114	38	1
295	114	80	1
104	114	38	1
104	114	80	1
260	149	41	1
260	149	69	1
87	3	15	1
87	3	23	1
87	3	71	1
87	3	64	1
87	3	65	1
15	77	27	1
233	154	137	1
33	110	34	1
33	44	34	1
33	123	34	1
33	58	34	1
33	110	24	1
33	44	24	1
33	123	24	1
33	58	24	1
33	110	0	1
33	44	0	1
33	123	0	1
33	58	0	1
33	110	23	1
33	44	23	1
33	110	77	1
33	110	14	1
33	44	14	1
33	123	14	1
33	110	3	1
33	110	36	1
33	110	15	1
33	44	15	1
33	123	15	1
33	58	15	1
33	110	105	1
33	110	67	1
33	123	67	1
33	58	67	1
33	110	37	1
33	44	37	1
33	123	37	1
33	58	37	1
33	110	19	1
33	44	19	1
33	123	19	1
33	58	19	1
33	110	71	1
33	44	71	1
33	58	71	1
33	110	78	1
33	58	78	1
33	110	138	1
33	44	138	1
33	110	53	1
33	110	47	1
33	44	47	1
33	58	47	1
33	110	69	1
33	44	69	1
33	110	9	1
33	44	9	1
33	58	9	1
33	110	84	1
33	110	48	1
33	58	48	1
33	110	35	1
33	123	35	1
33	110	28	1
33	110	18	1
33	44	18	1
33	123	18	1
33	58	18	1
33	110	29	1
33	44	29	1
33	110	64	1
33	44	64	1
33	58	64	1
33	110	123	1
33	110	80	1
33	123	80	1
47	110	34	1
47	44	34	1
47	123	34	1
47	58	34	1
47	110	24	1
47	44	24	1
47	123	24	1
47	58	24	1
47	110	0	1
47	44	0	1
47	123	0	1
47	58	0	1
47	110	4	1
47	44	4	1
47	123	4	1
47	58	4	1
47	110	23	1
47	44	23	1
47	110	77	1
47	110	1	1
47	44	1	1
47	123	1	1
47	58	1	1
47	110	14	1
47	44	14	1
47	123	14	1
47	110	40	1
47	44	40	1
47	110	3	1
47	110	36	1
47	110	15	1
47	44	15	1
47	123	15	1
47	58	15	1
47	110	105	1
47	110	67	1
47	123	67	1
47	58	67	1
47	110	39	1
47	44	39	1
47	123	39	1
47	110	37	1
47	44	37	1
47	123	37	1
47	58	37	1
47	110	19	1
47	44	19	1
47	123	19	1
47	58	19	1
47	110	71	1
47	44	71	1
47	58	71	1
47	110	78	1
47	58	78	1
47	110	138	1
47	44	138	1
47	110	139	1
47	44	139	1
47	110	43	1
47	123	43	1
47	110	53	1
47	110	47	1
47	44	47	1
47	58	47	1
47	110	140	1
47	110	69	1
47	44	69	1
47	110	9	1
47	44	9	1
47	58	9	1
47	110	141	1
47	44	141	1
47	123	141	1
47	58	141	1
47	110	48	1
47	58	48	1
47	110	85	1
47	44	85	1
47	58	85	1
47	110	121	1
47	44	121	1
47	110	27	1
47	44	27	1
47	123	27	1
47	110	35	1
47	123	35	1
47	110	28	1
47	110	87	1
47	44	87	1
47	110	18	1
47	44	18	1
47	123	18	1
47	58	18	1
47	110	88	1
47	44	88	1
47	123	88	1
47	110	29	1
47	44	29	1
47	110	64	1
47	44	64	1
47	58	64	1
47	110	26	1
47	44	26	1
47	123	26	1
47	58	26	1
47	110	31	1
47	44	31	1
47	123	31	1
47	110	74	1
47	44	74	1
47	110	131	1
47	123	131	1
47	110	80	1
47	123	80	1
193	110	34	1
193	44	34	1
193	123	34	1
193	58	34	1
193	110	24	1
193	44	24	1
193	123	24	1
193	58	24	1
193	110	0	1
193	44	0	1
193	123	0	1
193	58	0	1
193	110	4	1
193	44	4	1
193	123	4	1
193	58	4	1
193	110	23	1
193	44	23	1
193	110	77	1
193	110	1	1
193	44	1	1
193	123	1	1
193	58	1	1
193	110	14	1
193	44	14	1
193	123	14	1
193	110	40	1
193	44	40	1
193	110	3	1
193	110	36	1
193	110	15	1
193	44	15	1
193	123	15	1
193	58	15	1
193	110	105	1
193	110	67	1
193	123	67	1
193	58	67	1
193	110	39	1
193	44	39	1
193	123	39	1
193	110	37	1
193	44	37	1
193	123	37	1
193	58	37	1
193	110	71	1
193	44	71	1
193	58	71	1
193	110	78	1
193	58	78	1
193	110	138	1
193	44	138	1
193	110	43	1
193	123	43	1
193	110	53	1
193	110	57	1
193	110	47	1
193	44	47	1
193	58	47	1
193	110	69	1
193	44	69	1
193	110	141	1
193	44	141	1
193	123	141	1
193	58	141	1
193	110	48	1
193	58	48	1
193	110	85	1
193	44	85	1
193	58	85	1
193	110	121	1
193	44	121	1
193	110	27	1
193	44	27	1
193	123	27	1
193	110	35	1
193	123	35	1
193	110	28	1
193	110	87	1
193	44	87	1
193	110	18	1
193	44	18	1
193	123	18	1
193	58	18	1
193	110	88	1
193	44	88	1
193	123	88	1
193	110	64	1
193	44	64	1
193	58	64	1
193	110	26	1
193	44	26	1
193	123	26	1
193	58	26	1
193	110	31	1
193	44	31	1
193	123	31	1
193	110	74	1
193	44	74	1
33	44	73	1
33	58	73	1
33	44	42	1
33	44	68	1
33	44	113	1
33	44	106	1
33	44	12	1
33	58	12	1
33	44	111	1
47	44	73	1
47	58	73	1
47	44	42	1
47	44	115	1
47	44	142	1
47	44	68	1
47	44	113	1
47	44	143	1
47	123	143	1
47	44	106	1
47	44	12	1
47	58	12	1
47	44	50	1
47	44	65	1
47	123	65	1
47	44	33	1
47	44	111	1
47	44	122	1
193	44	73	1
193	58	73	1
193	44	42	1
193	44	142	1
193	44	68	1
193	44	113	1
193	44	106	1
193	44	144	1
193	123	144	1
193	44	12	1
193	58	12	1
193	44	50	1
193	44	65	1
193	123	65	1
193	44	33	1
193	44	111	1
193	44	137	1
2	164	1	1
212	73	0	1
212	73	73	1
212	73	24	1
212	73	42	1
212	73	1	1
212	73	14	1
212	73	15	1
212	73	71	1
212	73	68	1
212	73	92	1
212	73	33	1
212	73	67	1
212	73	26	1
11	73	34	1
11	32	34	1
11	73	0	1
11	32	0	1
11	73	73	1
11	73	24	1
11	73	41	1
11	73	42	1
11	73	37	1
11	73	1	1
11	73	4	1
11	73	14	1
11	73	15	1
11	73	64	1
11	73	71	1
11	32	71	1
11	73	16	1
11	73	68	1
11	73	145	1
11	73	91	1
11	73	92	1
11	73	65	1
11	73	33	1
11	73	67	1
11	73	89	1
11	73	26	1
11	73	21	1
270	73	0	1
270	73	24	1
270	73	42	1
270	73	14	1
270	73	68	1
270	73	65	1
270	73	33	1
270	73	67	1
137	73	0	1
137	73	24	1
137	73	41	1
137	73	42	1
137	73	1	1
137	73	14	1
137	73	15	1
137	73	64	1
137	73	68	1
137	73	145	1
137	73	65	1
137	73	89	1
137	73	26	1
133	10	0	1
133	99	0	1
133	10	1	1
133	99	1	1
133	10	15	1
133	99	15	1
133	10	33	1
133	99	33	1
33	123	22	1
33	123	92	1
47	123	22	1
47	123	146	1
47	123	61	1
47	123	16	1
47	123	147	1
47	123	92	1
193	123	22	1
193	123	61	1
193	123	16	1
193	123	92	1
70	127	15	1
70	127	85	1
70	127	18	1
0	127	148	1
257	127	15	1
257	127	18	1
206	127	0	1
206	127	85	1
206	127	27	1
206	127	18	1
33	58	25	1
47	58	25	1
193	58	25	1
193	58	125	1
189	69	23	1
189	69	1	1
189	76	1	1
189	69	15	1
189	76	15	1
189	69	0	1
189	76	0	1
189	69	73	1
189	69	24	1
189	76	24	1
189	69	14	1
189	76	14	1
189	69	22	1
189	76	22	1
189	69	35	1
189	69	36	1
189	69	76	1
189	69	77	1
189	69	41	1
189	69	66	1
189	69	39	1
189	69	42	1
189	69	59	1
189	69	46	1
189	69	26	1
189	69	69	1
189	69	28	1
189	69	64	1
189	69	25	1
189	69	53	1
189	69	55	1
189	69	67	1
189	69	57	1
79	69	23	1
79	69	1	1
79	76	1	1
79	69	0	1
79	76	0	1
79	69	73	1
79	69	24	1
79	76	24	1
79	69	14	1
79	76	14	1
79	69	22	1
79	76	22	1
79	69	36	1
79	69	76	1
79	69	77	1
79	69	66	1
79	69	39	1
79	69	42	1
79	69	46	1
79	69	28	1
79	69	25	1
79	69	53	1
79	69	111	1
79	69	55	1
79	69	67	1
274	69	34	1
274	69	23	1
274	69	1	1
274	76	1	1
274	69	15	1
274	76	15	1
274	69	0	1
274	76	0	1
274	69	73	1
274	69	24	1
274	76	24	1
274	69	14	1
274	76	14	1
274	69	22	1
274	76	22	1
274	69	35	1
274	69	36	1
274	69	76	1
274	69	77	1
274	69	38	1
274	69	66	1
274	69	39	1
274	69	42	1
274	69	46	1
274	69	26	1
274	69	69	1
274	69	48	1
274	69	27	1
274	69	28	1
274	69	149	1
274	69	62	1
274	69	64	1
274	69	25	1
274	69	16	1
274	69	63	1
274	69	53	1
274	69	31	1
274	69	93	1
274	69	32	1
274	69	67	1
274	69	57	1
274	69	80	1
276	69	34	1
276	69	23	1
276	69	15	1
276	76	15	1
276	69	0	1
276	76	0	1
276	69	73	1
276	69	24	1
276	76	24	1
276	69	14	1
276	76	14	1
276	69	22	1
276	76	22	1
276	69	35	1
276	69	36	1
276	69	76	1
276	69	77	1
276	69	38	1
276	69	41	1
276	69	66	1
276	69	39	1
276	69	42	1
276	69	59	1
276	69	26	1
276	69	27	1
276	69	28	1
276	69	64	1
276	69	25	1
276	69	16	1
276	69	53	1
276	69	111	1
276	69	31	1
276	69	55	1
276	69	32	1
276	69	67	1
253	69	150	1
253	69	111	1
189	76	37	1
79	76	37	1
274	76	37	1
276	76	37	1
234	13	34	1
234	13	23	1
234	13	24	1
234	13	0	1
234	13	37	1
234	13	35	1
234	13	1	1
234	13	36	1
234	13	77	1
234	13	15	1
234	13	40	1
234	13	66	1
234	13	42	1
234	13	22	1
234	13	64	1
234	13	71	1
234	13	142	1
234	13	16	1
234	13	110	1
234	13	68	1
234	13	44	1
234	13	113	1
234	13	26	1
234	13	47	1
234	13	39	1
234	13	151	1
234	13	92	1
234	13	93	1
234	13	18	1
234	13	12	1
234	13	33	1
234	13	29	1
234	13	80	1
234	13	111	1
234	13	31	1
110	13	23	1
110	13	24	1
110	13	0	1
110	32	0	1
110	13	37	1
110	13	35	1
110	13	1	1
110	13	36	1
110	13	19	1
110	32	19	1
110	13	15	1
110	13	42	1
110	13	81	1
110	13	22	1
110	13	64	1
110	13	71	1
110	32	71	1
110	13	142	1
110	13	16	1
110	13	110	1
110	13	68	1
110	13	53	1
110	13	113	1
110	13	26	1
110	13	47	1
110	13	141	1
110	13	49	1
110	13	151	1
110	13	92	1
110	13	121	1
110	13	93	1
110	13	18	1
110	13	12	1
110	13	152	1
110	13	65	1
110	13	33	1
110	13	29	1
110	13	111	1
110	13	31	1
51	18	34	1
51	18	64	1
102	18	34	1
102	18	64	1
226	32	52	1
226	32	106	1
226	32	48	1
11	32	19	1
11	32	106	1
11	32	48	1
110	32	106	1
110	32	48	1
244	79	0	1
244	79	1	1
80	79	0	1
133	99	37	1
133	99	23	1
133	99	14	1
133	99	24	1
133	99	36	1
133	99	42	1
133	99	72	1
133	99	67	1
133	99	22	1
133	99	59	1
133	99	71	1
133	99	64	1
133	99	16	1
133	99	43	1
133	99	44	1
133	99	26	1
133	99	47	1
133	99	151	1
133	99	18	1
133	99	12	1
133	99	29	1
133	99	122	1
136	99	14	1
136	99	77	1
